90
100000 1
100001 1
877571 322624
740936 848861
697173 136653
702643 709071
359573 552945
293658 296577
809544 419876
810296 256265
867268 611652
913447 81613
511458 5187
501630 628036
798476 194318
650111 70957
702126 396874
795972 50780
890206 886817
338072 27623
375668 578996
94004 438573
578411 672178
35951 328227
465703 155077
542767 982063
286606 839123
590967 860599
30508 250308
37357 38844
822786 303334
360272 537204
127090 326725
522361 828056
770168 271605
215870 965470
623031 457369
85367 842213
51694 194424
531475 411447
540757 699670
637574 138385
726255 132776
976072 969756
516417 714757
323030 41077
795366 398911
270894 433619
439071 744211
78475 250918
25357 184376
962866 80892
836169 428411
696131 688655
409046 58207
173334 915420
156473 442452
250300 239842
549351 93895
714757 182908
660347 934825
279997 638415
955081 516813
738064 657260
554479 435772
611859 730204
419695 47727
247787 566165
356053 158683
758017 120192
14397 341957
116099 91820
46014 94179
40738 311484
855654 979732
703817 175370
474281 17165
97857 763537
491727 807095
473579 346383
173241 464779
433950 649921
398595 48070
615989 949360
635237 886881
45315 260953
374698 15308
626001 933647
503250 501153
856683 539499